360.0 0.002471586
365.0 0.0023144614
370.0 0.0022358992
375.0 0.0025894296
380.0 0.003159006
385.0 0.0033750526
390.0 0.009502913
395.0 0.007224606
400.0 0.0035027165
405.0 0.0031786467999999997
410.0 0.0032572089999999996
415.0 0.0033554120000000003
420.0 0.0046320496
425.0 0.0148058686
430.0 0.004474925
435.0 0.00286439775
440.0 0.002667992
445.0 0.0027072732
450.0 0.002667992
455.0 0.002766195
460.0 0.002471586
465.0 0.0026287108
470.0 0.0025108672
475.0 0.0023733829999999997
480.0 0.002078775
485.0 0.0019609314
490.0 0.00148955725
495.0 0.0016466818000000002
500.0 0.0015681194
505.0 0.0016074006000000001
510.0 0.0015877600000000001
515.0 0.0013324324
520.0 0.0014109946
525.0 0.001685963
530.0 0.00546677425
535.0 0.025529624
540.0 0.0037678641999999997
545.0 0.0015386585
550.0 0.0012931511999999998
555.0 0.0013717136
560.0 0.0027072728
565.0 0.00659610725
570.0 0.0016466818000000002
575.0 0.0012145889999999999
580.0 0.0010967458
585.0 0.000998543
590.0 0.0010574646
595.0 0.0012145889999999999
600.0 0.00090034
605.0 0.00125387
610.0 0.0012145889999999999
615.0 0.0008217776
620.0 0.00090034
625.0 0.00090034
630.0 0.0008610588000000001
635.0 0.0007432152
640.0 0.0006548325
645.0 0.00046824700000000003
650.0 0.0007432152
655.0 0.00045842675000000004
660.0 0.000703934
665.0 0.000507528
670.0 0.0007432152
675.0 0.00104764425
680.0 0.0007432152
685.0 0.0008217778
690.0 0.000703934
695.0 0.00070393425
700.0 0.0008217776
705.0 0.000703934
710.0 0.0007824964000000001
715.0 0.0008021370000000001
720.0 0.0006253716
725.0 0.000703934
730.0 0.000703934
735.0 0.0009789021999999999
740.0 0.0010967458
745.0 0.00125387
750.0 0.0009494415
755.0 0.0007824964000000001
760.0 0.0008610588000000001
765.0 0.0007432152
770.0 0.000998543
775.0 0.0011753080000000001
780.0 0.0013324326000000001
785.0 0.0015877600000000001
790.0 0.0013717138
795.0 0.0010967458
800.0 0.0015288381999999999
805.0 0.00139135425
810.0 0.0014109946
815.0 0.0014109948
820.0 0.0013324324
825.0 0.00139135425
830.0 0.001489557
